id	num	neg|score	neg|p-value	neg|fdr	neg|rank	neg|goodsgrna	neg|lfc	pos|score	pos|p-value	pos|fdr	pos|rank	pos|goodsgrna	pos|lfc
Non-Targeting	1186	4.624e-136	8.5616e-09	1e-06	1	0	0.0	-7.6652e-111	8.5616e-09	1e-06	1	0	0.0
TNFAIP3	8	0.13154	0.2617	1.0	104	1	0.6755	4.4231e-18	8.5616e-09	1e-06	2	7	0.6755
ZFP36	8	1.0	1.0	1.0	583	0	0.54941	8.9636e-18	8.5616e-09	1e-06	3	8	0.54941
DUSP1	8	1.0	1.0	1.0	584	0	0.28964	1.4069e-17	8.5616e-09	1e-06	4	8	0.28964
MITF	8	1.0	1.0	1.0	582	0	0.28457	1.2882e-12	8.5616e-09	1e-06	5	8	0.28457
FOS	8	0.98558	0.98556	1.0	556	0	0.16623	5.669e-11	8.5616e-09	1e-06	6	7	0.16623
RC3H1	8	0.99999	0.99999	1.0	581	0	0.12971	9.5679e-06	6.0513e-05	0.005049	7	6	0.12971
POLR2L	8	0.92958	0.92959	1.0	496	0	0.073916	2.2576e-05	0.00014314	0.010449	8	6	0.073916
ADO	8	0.99641	0.99641	1.0	570	0	0.10102	5.6787e-05	0.00032907	0.021353	9	6	0.10102
NFKB1	8	0.99223	0.99222	1.0	564	0	0.076612	6.667e-05	0.00037962	0.02161	10	6	0.076612
CHUK	8	0.98463	0.98461	1.0	554	0	0.056668	7.1974e-05	0.00040703	0.02161	11	4	0.056668
MYCBP2	8	0.99989	0.99989	1.0	580	0	0.10177	9.489e-05	0.00052675	0.025635	12	6	0.10177
CYLD	8	0.99718	0.99718	1.0	572	0	0.060569	0.00030518	0.0016001	0.071882	13	6	0.060569
REL	8	0.96906	0.96904	1.0	542	0	0.062711	0.00056771	0.0027938	0.116541	14	4	0.062711
EIF2AK2	8	0.98967	0.98965	1.0	561	0	0.065965	0.0010761	0.004829	0.178657	15	5	0.065965
SLITRK4	8	0.78374	0.78406	1.0	393	1	-0.0051151	0.0010922	0.0048947	0.178657	16	3	-0.0051151
RABGGTA	8	0.96066	0.96065	1.0	529	0	0.051336	0.0014472	0.0062964	0.216301	17	4	0.051336
RHOA	8	0.54179	0.62197	1.0	281	1	0.040338	0.0036492	0.014726	0.477788	18	4	0.040338
ACVR1B	8	0.99783	0.99784	1.0	573	0	0.054299	0.0040753	0.016319	0.501594	19	5	0.054299
JUNB	8	0.99368	0.99367	1.0	566	0	0.062596	0.0046449	0.018417	0.537773	20	4	0.062596
LEO1	8	0.4128	0.55029	1.0	237	2	0.053749	0.0056015	0.021164	0.588568	21	4	0.053749
RAD54B	8	0.99957	0.99957	1.0	579	0	0.043518	0.0067614	0.024465	0.649437	22	3	0.043518
TBK1	8	0.9351	0.9351	1.0	504	0	0.045837	0.0075981	0.026834	0.676594	23	3	0.045837
OTULIN	8	0.98144	0.98142	1.0	551	0	0.026792	0.0082297	0.02862	0.676594	24	3	0.026792
CUL5	8	0.99686	0.99686	1.0	571	0	0.052435	0.0083516	0.028964	0.676594	25	4	0.052435
SFPQ	8	0.82366	0.82364	1.0	415	0	0.052795	0.010469	0.034867	0.770284	26	3	0.052795
CD19	8	0.54092	0.62154	1.0	280	1	0.016627	0.010874	0.035996	0.770284	27	3	0.016627
CD36	8	0.81286	0.81283	1.0	409	0	0.037611	0.011213	0.036931	0.770284	28	4	0.037611
TUBGCP2	8	0.60896	0.65744	1.0	308	1	0.054974	0.011985	0.039048	0.786352	29	4	0.054974
MS4A14	8	0.99912	0.99912	1.0	575	0	0.066621	0.013019	0.041882	0.801532	30	4	0.066621
CREB1	8	0.93042	0.93042	1.0	499	0	0.07218	0.013621	0.043526	0.801532	31	3	0.07218
TNFRSF14	8	0.94475	0.94475	1.0	514	0	0.032419	0.013975	0.044485	0.801532	32	3	0.032419
GSK3B	8	0.86008	0.86003	1.0	436	0	0.043135	0.014273	0.045292	0.801532	33	4	0.043135
PLEKHB2	8	0.9995	0.9995	1.0	578	0	0.047352	0.015777	0.04938	0.8257	34	4	0.047352
MAPK14	8	0.99926	0.99926	1.0	576	0	0.045702	0.016928	0.052486	0.8257	35	4	0.045702
TLR2	8	0.091325	0.19722	1.0	81	2	0.034159	0.017384	0.053708	0.8257	36	3	0.034159
IFNGR2	8	0.99944	0.99944	1.0	577	0	0.04291	0.018228	0.055961	0.8257	37	4	0.04291
DLEC1	8	0.67832	0.70019	1.0	333	1	0.034063	0.018516	0.056719	0.8257	38	4	0.034063
OAS2	8	0.88823	0.88818	1.0	455	0	0.021123	0.018805	0.057489	0.8257	39	3	0.021123
RXRA	8	0.97211	0.97209	1.0	545	0	0.050716	0.019296	0.058801	0.8257	40	4	0.050716
INPP5D	8	0.99291	0.9929	1.0	565	0	0.047795	0.019814	0.060175	0.8257	41	4	0.047795
CTCF	8	0.96096	0.96095	1.0	530	0	0.042906	0.021006	0.06332	0.8257	42	3	0.042906
RNF25	8	0.24457	0.38564	1.0	154	2	0.017508	0.021448	0.064482	0.8257	43	4	0.017508
OTUD7B	8	0.013504	0.044291	0.562303	46	3	0.017763	0.021772	0.06533	0.8257	44	3	0.017763
NLRX1	8	0.53305	0.6177	1.0	276	1	0.012124	0.021916	0.065712	0.8257	45	2	0.012124
TGFBR1	8	0.793	0.79301	1.0	398	1	0.048307	0.021983	0.065888	0.8257	46	4	0.048307
PICALM	8	0.13467	0.26664	1.0	107	2	0.029714	0.022199	0.066452	0.8257	47	4	0.029714
NINJ1	8	0.93635	0.93635	1.0	505	0	0.054562	0.023414	0.069627	0.847131	48	4	0.054562
ARIH2	8	0.90666	0.90662	1.0	476	0	0.048267	0.025376	0.074744	0.852418	49	4	0.048267
PPARA	8	0.70051	0.7156	1.0	345	1	0.022622	0.025501	0.075066	0.852418	50	3	0.022622
XPR1	8	0.99547	0.99547	1.0	569	0	0.030166	0.027229	0.079527	0.852418	51	3	0.030166
BCL3	8	0.66996	0.69463	1.0	330	1	0.045867	0.027319	0.079763	0.852418	52	4	0.045867
LINGO2	8	0.30016	0.4388	1.0	177	1	-0.018037	0.027582	0.08044	0.852418	53	3	-0.018037
MERTK	8	0.14509	0.28302	1.0	114	1	0.015765	0.028199	0.082029	0.852418	54	4	0.015765
BRD7	8	0.80023	0.80022	1.0	405	0	0.025211	0.028211	0.082059	0.852418	55	2	0.025211
RNF40	8	0.91252	0.91249	1.0	482	0	0.045831	0.028454	0.082681	0.852418	56	4	0.045831
GYPE	8	0.50131	0.60269	1.0	268	1	0.047627	0.029097	0.084333	0.852418	57	4	0.047627
DDX18	8	0.67061	0.69506	1.0	331	1	0.0356	0.029227	0.084658	0.852418	58	4	0.0356
CTSZ	8	0.26292	0.40306	1.0	160	1	0.046182	0.030278	0.087348	0.864599	59	4	0.046182
KAT5	8	0.62013	0.66385	1.0	312	1	0.033582	0.032308	0.091378	0.889408	60	2	0.033582
ITGB2	8	0.35935	0.49671	1.0	205	1	0.033065	0.034996	0.096224	0.915473	61	3	0.033065
GHITM	8	0.91729	0.91726	1.0	486	0	0.023693	0.035531	0.097191	0.915473	62	2	0.023693
MAN1C1	8	0.2267	0.36877	1.0	145	1	0.030814	0.037376	0.10051	0.925006	63	3	0.030814
KLRC4-KLRK1	8	0.37121	0.50852	1.0	213	2	-0.0016162	0.039619	0.10451	0.925006	64	3	-0.0016162
PGM3	8	0.87855	0.87849	1.0	449	0	0.024385	0.040023	0.10524	0.925006	65	2	0.024385
ERCC6	8	0.91631	0.91629	1.0	485	0	0.020973	0.042742	0.1101	0.925006	66	2	0.020973
TTC33	8	0.47164	0.58943	1.0	258	1	0.03145	0.043638	0.11169	0.925006	67	3	0.03145
CDK1	8	0.79643	0.79643	1.0	401	0	0.011084	0.044328	0.11292	0.925006	68	3	0.011084
SLITRK5	8	0.4254	0.56311	1.0	245	2	-0.0049971	0.045025	0.11416	0.925006	69	3	-0.0049971
TMEM176B	8	0.4068	0.5442	1.0	234	2	0.035036	0.046674	0.11709	0.925006	70	3	0.035036
TXNDC17	8	0.93877	0.93877	1.0	508	0	0.013108	0.047159	0.11795	0.925006	71	2	0.013108
CCDC174	8	0.56384	0.63306	1.0	290	1	0.023641	0.048354	0.12006	0.925006	72	3	0.023641
DSG1	8	0.9852	0.98518	1.0	555	0	0.037374	0.049223	0.1216	0.925006	73	2	0.037374
KRT10	8	0.16245	0.30899	1.0	124	2	-0.0098432	0.051134	0.12498	0.925006	74	2	-0.0098432
ATP6V1B2	8	0.51877	0.61084	1.0	273	1	0.028493	0.05131	0.12529	0.925006	75	3	0.028493
DAB2	8	0.96642	0.96642	1.0	540	0	0.015226	0.05156	0.12572	0.925006	76	3	0.015226
DPP10	8	0.75022	0.75409	1.0	371	1	0.0223	0.052063	0.12661	0.925006	77	3	0.0223
LYZ	8	0.9487	0.94871	1.0	516	0	0.037634	0.052316	0.12705	0.925006	78	3	0.037634
ZNF703	8	0.81444	0.81441	1.0	410	0	0.02063	0.052569	0.1275	0.925006	79	3	0.02063
CFD	8	0.38334	0.52059	1.0	220	1	0.02994	0.052771	0.12785	0.925006	80	3	0.02994
ERG	8	0.3777	0.51497	1.0	217	1	0.001379	0.053026	0.1283	0.925006	81	3	0.001379
CSGALNACT1	8	0.91293	0.9129	1.0	483	0	0.012862	0.05592	0.13338	0.944945	82	3	0.012862
MYB	8	0.86786	0.8678	1.0	442	0	-0.0010069	0.056445	0.1343	0.944945	83	3	-0.0010069
JRK	8	0.68085	0.70191	1.0	334	1	0.034106	0.060467	0.14132	0.982494	84	3	0.034106
TANK	8	0.43317	0.57107	1.0	252	1	0.016673	0.063686	0.14692	0.996911	85	2	0.016673
SIGLEC5	8	0.33391	0.47165	1.0	195	2	0.018151	0.064351	0.14807	0.996911	86	3	0.018151
IL18RAP	8	0.90182	0.90177	1.0	471	0	0.034362	0.064607	0.14851	0.996911	87	2	0.034362
PTPRR	8	0.97643	0.97641	1.0	548	0	0.026249	0.065769	0.15053	0.998948	88	3	0.026249
LEF1	8	0.81717	0.81714	1.0	413	0	0.024962	0.068653	0.1555	1.0	89	3	0.024962
BUD13	8	0.18464	0.32951	1.0	131	1	0.014005	0.069006	0.15612	1.0	90	2	0.014005
ZNF823	8	0.36398	0.50131	1.0	209	1	0.0039693	0.070712	0.15906	1.0	91	2	0.0039693
PRDM1	8	0.48905	0.59712	1.0	264	1	0.018505	0.071005	0.15957	1.0	92	3	0.018505
RELB	8	0.76366	0.76565	1.0	378	1	0.019544	0.07119	0.15989	1.0	93	2	0.019544
RPN1	8	0.89605	0.896	1.0	465	0	0.036278	0.071898	0.1611	1.0	94	3	0.036278
FASLG	8	0.8862	0.88613	1.0	454	0	-0.0013233	0.075431	0.16717	1.0	95	2	-0.0013233
CTR9	8	0.2972	0.43593	1.0	175	2	0.013149	0.075525	0.16733	1.0	96	3	0.013149
ATP2B4	8	0.84397	0.84393	1.0	424	0	0.026742	0.076754	0.16944	1.0	97	3	0.026742
CYBA	8	0.29386	0.43271	1.0	173	1	0.0086514	0.077031	0.16991	1.0	98	2	0.0086514
IRF7	8	0.25765	0.39804	1.0	158	1	0.021674	0.078629	0.17265	1.0	99	1	0.021674
MAP2K6	8	0.59127	0.6476	1.0	301	1	0.0024999	0.082089	0.17854	1.0	100	3	0.0024999
PAF1	8	0.13232	0.26293	1.0	105	2	0.044354	0.086051	0.18529	1.0	101	3	0.044354
SNX13	8	0.15752	0.30238	1.0	121	2	0.014863	0.087076	0.18703	1.0	102	2	0.014863
FUT2	8	0.048394	0.12575	1.0	64	2	0.040596	0.088592	0.18958	1.0	103	3	0.040596
NFKBIB	8	0.33933	0.47697	1.0	197	1	0.017827	0.090256	0.19238	1.0	104	3	0.017827
DDOST	8	0.79771	0.7977	1.0	403	0	-0.025215	0.09261	0.19636	1.0	105	3	-0.025215
CBLL1	8	0.99215	0.99214	1.0	563	0	0.027096	0.092949	0.19692	1.0	106	3	0.027096
KRAS	8	0.4938	0.59927	1.0	266	1	0.011488	0.093969	0.19865	1.0	107	3	0.011488
IFNAR1	8	0.63174	0.67069	1.0	318	1	0.0099312	0.094475	0.1995	1.0	108	1	0.0099312
HLA-DRB5	8	0.14417	0.28159	1.0	112	2	-0.013764	0.096047	0.20214	1.0	109	1	-0.013764
TLR7	8	0.96254	0.96253	1.0	532	0	0.0245	0.099693	0.20824	1.0	110	2	0.0245
BPTF	8	0.78239	0.78278	1.0	391	1	0.021887	0.10077	0.21004	1.0	111	2	0.021887
GSX1	8	0.90204	0.90199	1.0	472	0	0.012521	0.10374	0.215	1.0	112	3	0.012521
SERHL2	8	0.8616	0.86155	1.0	438	0	0.014247	0.10402	0.21546	1.0	113	2	0.014247
PAIP1	8	0.54782	0.62496	1.0	282	1	0.0035054	0.10543	0.21781	1.0	114	2	0.0035054
ANGPTL6	8	0.88923	0.88918	1.0	457	0	0.041735	0.10662	0.2198	1.0	115	3	0.041735
P2RY11	8	0.50873	0.60612	1.0	271	1	0.0027765	0.10698	0.22041	1.0	116	2	0.0027765
C2	8	0.27348	0.41316	1.0	166	2	-0.034762	0.11285	0.23015	1.0	117	2	-0.034762
FCGR2B	8	0.74143	0.74684	1.0	366	1	-0.010042	0.11341	0.23108	1.0	118	2	-0.010042
KIF15	8	0.073828	0.16848	1.0	75	3	-0.027693	0.11472	0.23324	1.0	119	1	-0.027693
INTS10	8	0.66274	0.68992	1.0	326	1	0.020194	0.11622	0.23572	1.0	120	3	0.020194
DEPDC5	8	0.37323	0.51052	1.0	214	2	0.011606	0.11933	0.24085	1.0	121	2	0.011606
TMEM176A	8	0.44762	0.57917	1.0	256	1	0.0073907	0.12001	0.24196	1.0	122	3	0.0073907
MS4A7	8	0.87936	0.8793	1.0	451	0	0.035944	0.12116	0.24385	1.0	123	3	0.035944
GABRG2	8	0.59595	0.65017	1.0	303	1	-0.018428	0.1224	0.24589	1.0	124	1	-0.018428
GSDMA	8	0.94082	0.94083	1.0	509	0	-0.012028	0.12534	0.25072	1.0	125	2	-0.012028
NFATC2	8	0.78329	0.78364	1.0	392	1	0.028396	0.12619	0.25211	1.0	126	3	0.028396
IRF3	8	0.68148	0.70233	1.0	335	1	0.012767	0.1265	0.25261	1.0	127	2	0.012767
AP3B1	8	0.34409	0.48166	1.0	199	1	0.047465	0.12697	0.2534	1.0	128	3	0.047465
HLA-A	8	0.87498	0.87492	1.0	446	0	-0.014642	0.12698	0.2534	1.0	129	1	-0.014642
NOD2	8	0.55967	0.63093	1.0	288	1	0.04597	0.13092	0.25984	1.0	130	3	0.04597
ITGAL	8	0.91921	0.91919	1.0	488	0	0.040866	0.13171	0.26114	1.0	131	3	0.040866
MEF2A	8	0.97112	0.97111	1.0	544	0	0.037268	0.13349	0.26405	1.0	132	2	0.037268
DBF4	8	0.4775	0.592	1.0	261	1	0.019607	0.13456	0.2658	1.0	133	2	0.019607
IL12B	8	0.34071	0.47833	1.0	198	2	0.012161	0.13584	0.26745	1.0	134	2	0.012161
DMD	8	0.4201	0.55771	1.0	244	2	-0.017089	0.13643	0.26803	1.0	135	2	-0.017089
NAMPT	8	0.7372	0.74342	1.0	363	1	-0.033949	0.13758	0.26915	1.0	136	1	-0.033949
AQP11	8	0.32031	0.45836	1.0	188	2	-0.016552	0.1394	0.27091	1.0	137	2	-0.016552
CD47	8	0.85125	0.8512	1.0	431	0	-0.0099708	0.14059	0.27209	1.0	138	1	-0.0099708
UNG	8	0.97824	0.97822	1.0	549	0	0.044907	0.14238	0.27384	1.0	139	2	0.044907
JAZF1	8	0.32983	0.46766	1.0	193	2	0.0027322	0.14509	0.27651	1.0	140	1	0.0027322
TIFAB	8	0.62306	0.66556	1.0	313	1	-0.0061817	0.1496	0.28093	1.0	141	2	-0.0061817
MIB2	8	0.21567	0.35843	1.0	138	2	-0.053488	0.1555	0.28672	1.0	142	1	-0.053488
CEP290	8	0.83674	0.83671	1.0	421	0	0.017521	0.15629	0.2875	1.0	143	2	0.017521
GOSR2	8	0.75826	0.76094	1.0	375	1	0.00054867	0.15698	0.28817	1.0	144	1	0.00054867
DLG2	8	0.68462	0.70448	1.0	339	1	0.011963	0.16492	0.29597	1.0	145	2	0.011963
NFIC	8	0.432	0.56986	1.0	251	2	0.023469	0.16726	0.29829	1.0	146	1	0.023469
STAT3	8	0.84864	0.84859	1.0	427	0	0.010232	0.17164	0.30261	1.0	147	1	0.010232
EGR2	8	0.76171	0.76394	1.0	376	1	-0.0016239	0.17492	0.30583	1.0	148	2	-0.0016239
TRAF3	8	0.00015719	0.00085937	0.018588	27	5	-0.086792	0.17744	0.30832	1.0	149	1	-0.086792
HLA-B	8	0.21844	0.36103	1.0	140	1	0.013317	0.17807	0.30895	1.0	150	2	0.013317
TSPAN4	8	0.9209	0.92088	1.0	491	0	0.038629	0.17997	0.31081	1.0	151	2	0.038629
NCAPD2	8	0.96274	0.96273	1.0	533	0	0.0044242	0.1832	0.31402	1.0	152	1	0.0044242
DMAP1	8	0.47847	0.59243	1.0	262	1	0.026818	0.18441	0.3152	1.0	153	2	0.026818
TMEM258	8	0.1294	0.25832	1.0	103	3	0.011098	0.1876	0.31836	1.0	154	2	0.011098
ICAM1	8	0.83744	0.8374	1.0	422	0	0.047162	0.19321	0.32391	1.0	155	2	0.047162
SMAD7	8	0.74818	0.75238	1.0	370	1	-0.039055	0.19746	0.32813	1.0	156	1	-0.039055
HLA-DOB	8	0.45372	0.58173	1.0	257	1	0.032673	0.19787	0.32853	1.0	157	2	0.032673
ADCY4	8	0.76268	0.76479	1.0	377	1	0.025916	0.2017	0.33234	1.0	158	1	0.025916
ECSIT	8	0.54953	0.62582	1.0	283	1	0.029162	0.20451	0.33514	1.0	159	2	0.029162
CARD10	8	0.28111	0.42045	1.0	168	1	-0.004706	0.20591	0.33653	1.0	160	2	-0.004706
B4GALT1	8	0.79039	0.79045	1.0	396	1	-0.0057398	0.2076	0.33821	1.0	161	2	-0.0057398
TMEM56-RWDD3	8	0.95881	0.95879	1.0	528	0	0.024198	0.20871	0.33932	1.0	162	1	0.024198
G6PD	8	0.66207	0.6895	1.0	325	1	-0.0065254	0.20955	0.34016	1.0	163	2	-0.0065254
TGIF1	8	0.35702	0.49441	1.0	204	1	0.0089918	0.21011	0.34071	1.0	164	1	0.0089918
ZNRD1	8	0.68525	0.70491	1.0	340	1	0.013376	0.21086	0.34147	1.0	165	2	0.013376
MAPK8	8	0.59673	0.6506	1.0	304	1	0.01957	0.2115	0.34211	1.0	166	1	0.01957
SMARCC2	8	0.38604	0.52329	1.0	221	2	-0.014447	0.21413	0.34472	1.0	167	2	-0.014447
IL2RA	8	0.43397	0.57189	1.0	253	2	0.012632	0.21567	0.34626	1.0	168	2	0.012632
USP21	8	0.6303	0.66984	1.0	317	1	0.028089	0.22069	0.35128	1.0	169	2	0.028089
HSPD1	8	0.91806	0.91804	1.0	487	0	0.044056	0.22944	0.36003	1.0	170	1	0.044056
S100A9	8	0.42688	0.56463	1.0	246	1	0.029255	0.22994	0.36054	1.0	171	2	0.029255
GPX4	8	0.81678	0.81676	1.0	412	0	0.013492	0.23193	0.36253	1.0	172	2	0.013492
MRPL51	8	0.94351	0.94352	1.0	512	0	-0.0043705	0.23216	0.36277	1.0	173	1	-0.0043705
RBX1	8	0.033864	0.096497	0.930603	59	4	-0.036095	0.23392	0.36452	1.0	174	2	-0.036095
NOTCH4	8	0.30765	0.44606	1.0	183	1	0.016217	0.23458	0.36519	1.0	175	2	0.016217
PSCA	8	0.6634	0.69035	1.0	327	1	0.016897	0.23525	0.36586	1.0	176	2	0.016897
HAX1	8	0.095337	0.20376	1.0	82	3	-0.0093175	0.23791	0.36852	1.0	177	2	-0.0093175
ASCC1	8	0.97034	0.97033	1.0	543	0	0.037504	0.24257	0.37321	1.0	178	2	0.037504
GNRH1	8	0.076138	0.1723	1.0	77	3	-0.02069	0.24433	0.37498	1.0	179	2	-0.02069
APOM	8	0.09862	0.20907	1.0	85	2	-0.031796	0.24457	0.37523	1.0	180	2	-0.031796
SDE2	8	0.89195	0.8919	1.0	460	0	-0.0088222	0.24567	0.37633	1.0	181	1	-0.0088222
BCL9L	8	0.3894	0.52666	1.0	223	2	-0.034238	0.24591	0.37657	1.0	182	2	-0.034238
HIST1H3G	8	0.40437	0.54174	1.0	232	1	-0.0090754	0.24701	0.37768	1.0	183	1	-0.0090754
TLR1	8	0.034151	0.097203	0.930603	61	4	-0.017897	0.25126	0.38197	1.0	184	2	-0.017897
PPAN-P2RY11	8	0.8048	0.80478	1.0	406	0	-0.011596	0.25235	0.38305	1.0	185	1	-0.011596
SLC2A8	8	0.97975	0.97973	1.0	550	0	0.013251	0.25328	0.38399	1.0	186	2	0.013251
LRP1B	8	0.78149	0.78193	1.0	390	1	-0.026555	0.25462	0.38536	1.0	187	2	-0.026555
UQCRH	8	0.0033914	0.013834	0.211416	38	2	-0.0032688	0.255	0.38574	1.0	188	1	-0.0032688
ACP5	8	0.95265	0.95264	1.0	521	0	0.03359	0.25865	0.38943	1.0	189	2	0.03359
NFYC	8	0.15865	0.30412	1.0	122	3	-0.050106	0.25897	0.38976	1.0	190	1	-0.050106
MDC	8	0.94755	0.94755	1.0	515	0	0.024606	0.25932	0.39011	1.0	191	2	0.024606
PRF1	8	0.36858	0.5059	1.0	211	1	0.0053114	0.26029	0.39109	1.0	192	2	0.0053114
HLA-C	8	0.87692	0.87685	1.0	448	0	0.021751	0.26067	0.39148	1.0	193	2	0.021751
UQCR10	8	0.94111	0.94112	1.0	510	0	0.028986	0.27076	0.40175	1.0	194	1	0.028986
PIGT	8	0.93304	0.93304	1.0	502	0	-0.0012731	0.27145	0.40245	1.0	195	2	-0.0012731
CCNG1	8	0.74612	0.75067	1.0	368	1	0.0023727	0.27206	0.40308	1.0	196	2	0.0023727
HMGB1	8	0.55884	0.63051	1.0	287	1	0.0093693	0.27336	0.4044	1.0	197	1	0.0093693
CBFB	8	0.91958	0.91957	1.0	489	0	0.0065682	0.27483	0.4059	1.0	198	2	0.0065682
MSN	8	0.79126	0.7913	1.0	397	1	-0.024434	0.27754	0.40864	1.0	199	2	-0.024434
TRPS1	8	0.91005	0.91002	1.0	480	0	-0.0054391	0.27889	0.41002	1.0	200	2	-0.0054391
CASP10	8	0.98922	0.9892	1.0	560	0	0.043517	0.2816	0.41278	1.0	201	2	0.043517
TRAPPC9	8	0.18441	0.3293	1.0	130	2	-0.00287	0.28239	0.41358	1.0	202	2	-0.00287
GSDMD	8	0.5655	0.63391	1.0	291	1	0.019955	0.28363	0.41484	1.0	203	2	0.019955
KIF23	8	0.3273	0.46518	1.0	192	1	0.0080566	0.28367	0.41489	1.0	204	1	0.0080566
BYSL	8	0.71225	0.72416	1.0	350	1	0.0043673	0.28634	0.41762	1.0	205	2	0.0043673
UBE2N	8	0.096025	0.20487	1.0	83	3	-0.022314	0.28702	0.41832	1.0	206	2	-0.022314
GSDMB	8	0.36513	0.50247	1.0	210	1	0.0035187	0.28905	0.42039	1.0	207	2	0.0035187
PIK3CD	8	0.19658	0.3406	1.0	132	2	-0.033345	0.29177	0.42317	1.0	208	2	-0.033345
SAA1	8	0.58733	0.64547	1.0	299	1	-0.011479	0.29259	0.42402	1.0	209	1	-0.011479
HLA-DQB1	8	0.95849	0.95847	1.0	527	0	0.031276	0.29312	0.42456	1.0	210	2	0.031276
CSMD3	8	0.31623	0.45439	1.0	186	2	-0.017252	0.29512	0.42661	1.0	211	2	-0.017252
NSF	8	0.17599	0.32151	1.0	128	1	0.0094416	0.29516	0.42665	1.0	212	2	0.0094416
FOXF1	8	0.70643	0.7199	1.0	348	1	-0.019473	0.30141	0.43308	1.0	213	1	-0.019473
TRAF2	8	0.56134	0.63178	1.0	289	1	0.031242	0.30641	0.43823	1.0	214	1	0.031242
IRAK3	8	0.57207	0.63735	1.0	294	1	0.013309	0.30807	0.43994	1.0	215	2	0.013309
TMCO4	8	0.78995	0.79003	1.0	395	1	0.017754	0.30875	0.44064	1.0	216	2	0.017754
ASH2L	8	0.75627	0.75922	1.0	373	1	0.026355	0.31419	0.44625	1.0	217	2	0.026355
C1orf141	8	0.76989	0.77122	1.0	383	1	0.022179	0.31508	0.44716	1.0	218	1	0.022179
NFKBIE	8	0.11887	0.2416	1.0	98	3	-0.029375	0.31623	0.44835	1.0	219	2	-0.029375
IL23R	8	0.77783	0.7785	1.0	389	1	-0.00021818	0.31631	0.44843	1.0	220	1	-0.00021818
TADA3	8	0.93008	0.93009	1.0	497	0	0.0048541	0.31759	0.44976	1.0	221	2	0.0048541
CBX7	8	0.96453	0.96452	1.0	535	0	0.035815	0.31963	0.45188	1.0	222	2	0.035815
GYPC	8	0.79429	0.79428	1.0	399	1	0.0059913	0.32031	0.45258	1.0	223	2	0.0059913
DGKA	8	0.099156	0.20994	1.0	87	2	-0.01783	0.32365	0.45604	1.0	224	1	-0.01783
RAB32	8	0.43068	0.56851	1.0	249	2	0.014267	0.32507	0.45752	1.0	225	2	0.014267
PPP2R1B	8	0.3961	0.53341	1.0	226	2	-0.020763	0.32643	0.45893	1.0	226	2	-0.020763
RNGTT	8	0.55293	0.62752	1.0	285	1	-0.02392	0.32711	0.45963	1.0	227	2	-0.02392
LY96	8	0.0020034	0.008595	0.13943	36	3	-0.021975	0.3273	0.45982	1.0	228	1	-0.021975
TLR5	8	0.85604	0.85599	1.0	433	0	0.017652	0.32779	0.46033	1.0	229	2	0.017652
ELK1	8	0.29652	0.43526	1.0	174	2	0.011734	0.32972	0.46234	1.0	230	1	0.011734
RIPK1	8	0.76462	0.76651	1.0	379	1	0.0077864	0.33093	0.46359	1.0	231	1	0.0077864
MAP3K14	8	0.92455	0.92454	1.0	494	0	-0.0048511	0.33187	0.46458	1.0	232	2	-0.0048511
JUN	8	0.95157	0.95156	1.0	520	0	0.015428	0.33459	0.4674	1.0	233	2	0.015428
WWC3	8	0.73291	0.73999	1.0	360	1	0.032333	0.34207	0.4752	1.0	234	2	0.032333
E2F7	8	0.89722	0.89718	1.0	466	0	0.013207	0.34527	0.47855	1.0	235	1	0.013207
PRKCQ	8	0.92164	0.92163	1.0	492	0	0.019694	0.34614	0.47946	1.0	236	2	0.019694
CTNS	8	0.37657	0.51383	1.0	216	1	-0.020138	0.34646	0.47978	1.0	237	1	-0.020138
MIDN	8	0.32099	0.45903	1.0	189	2	-0.0056393	0.34764	0.48102	1.0	238	1	-0.0056393
SLC39A7	8	0.23894	0.38031	1.0	150	1	-0.0065748	0.34886	0.48229	1.0	239	2	-0.0065748
FADD	8	0.21429	0.35713	1.0	136	2	-0.030114	0.34954	0.483	1.0	240	2	-0.030114
LRRFIP2	8	0.93288	0.93288	1.0	501	0	-0.0094788	0.35157	0.48514	1.0	241	2	-0.0094788
RAC1	8	0.19916	0.343	1.0	133	2	-0.022402	0.35361	0.48727	1.0	242	2	-0.022402
IL15RA	8	0.96508	0.96508	1.0	537	0	0.02322	0.35496	0.48869	1.0	243	2	0.02322
TLR9	8	0.93025	0.93026	1.0	498	0	0.014379	0.35632	0.49011	1.0	244	2	0.014379
TFDP1	8	0.77272	0.7738	1.0	386	1	-0.029692	0.35819	0.49206	1.0	245	1	-0.029692
PRKAA1	8	0.74767	0.75196	1.0	369	1	-0.026986	0.35903	0.49295	1.0	246	2	-0.026986
AKT1	8	0.86989	0.86983	1.0	443	0	-0.0054129	0.35935	0.49328	1.0	247	1	-0.0054129
ARAP2	8	0.94997	0.94996	1.0	518	0	0.031566	0.36039	0.49438	1.0	248	2	0.031566
STAT5B	8	0.73237	0.73957	1.0	359	1	0.014343	0.36283	0.49695	1.0	249	1	0.014343
ENPP6	8	0.77459	0.77551	1.0	387	1	0.029431	0.36445	0.49867	1.0	250	2	0.029431
KSR2	8	0.14265	0.27919	1.0	110	3	-0.030582	0.36513	0.49939	1.0	251	1	-0.030582
CNEP1R1	8	0.95096	0.95095	1.0	519	0	0.030309	0.36648	0.5008	1.0	252	2	0.030309
AHR	8	0.083692	0.18475	1.0	79	3	-0.014759	0.36783	0.50224	1.0	253	2	-0.014759
SLC37A4	8	0.90405	0.904	1.0	473	0	0.043104	0.36851	0.50295	1.0	254	2	0.043104
TAPBP	8	0.90536	0.90531	1.0	475	0	0.0091976	0.36918	0.50366	1.0	255	2	0.0091976
FANCM	8	0.91414	0.91412	1.0	484	0	0.00071531	0.36973	0.50424	1.0	256	1	0.00071531
OAS3	8	0.11849	0.24099	1.0	97	3	-0.015878	0.3743	0.50906	1.0	257	1	-0.015878
VAMP1	8	0.86639	0.86633	1.0	441	0	0.0029911	0.37543	0.51025	1.0	258	1	0.0029911
EFR3A	8	0.94154	0.94155	1.0	511	0	0.023392	0.37661	0.51149	1.0	259	2	0.023392
RASSF1	8	0.22533	0.36748	1.0	144	1	-0.0048476	0.38109	0.51624	1.0	260	1	-0.0048476
CCL2	8	0.65605	0.68566	1.0	324	1	0.032976	0.38334	0.51862	1.0	261	1	0.032976
SLC4A1	8	0.55208	0.62709	1.0	284	1	-0.00019445	0.38447	0.51982	1.0	262	1	-0.00019445
PTGER4	8	0.62742	0.66813	1.0	315	1	0.0019883	0.38671	0.5222	1.0	263	2	0.0019883
XKR6	8	0.32303	0.46102	1.0	190	2	0.0049443	0.39074	0.52649	1.0	264	2	0.0049443
NCOA5	8	0.68211	0.70276	1.0	336	1	-0.014	0.39116	0.52694	1.0	265	2	-0.014
MKX	8	0.97263	0.97261	1.0	546	0	0.018124	0.39141	0.52719	1.0	266	2	0.018124
NLRP3	8	0.99498	0.99497	1.0	568	0	0.045914	0.39208	0.52791	1.0	267	2	0.045914
IFI30	8	0.70584	0.71946	1.0	347	1	0.013589	0.39449	0.53047	1.0	268	1	0.013589
TNFSF15	8	0.27213	0.41187	1.0	164	2	0.0088292	0.3989	0.53325	1.0	269	1	0.0088292
PDCD10	8	0.88203	0.88197	1.0	452	0	-0.00095479	0.40655	0.53661	1.0	270	1	-0.00095479
VCAN	8	0.88873	0.88868	1.0	456	0	0.035784	0.40872	0.53756	1.0	271	1	0.035784
TLR8	8	0.96535	0.96535	1.0	538	0	0.022966	0.4098	0.53804	1.0	272	1	0.022966
IRAK4	8	0.28498	0.42416	1.0	169	2	-0.018775	0.41518	0.54043	1.0	273	1	-0.018775
SPIRE1	8	0.32609	0.464	1.0	191	1	-0.014746	0.41626	0.54091	1.0	274	1	-0.014746
LPL	8	0.24299	0.38413	1.0	153	1	0.039451	0.42477	0.54473	1.0	275	1	0.039451
GTF2IRD1	8	0.95599	0.95598	1.0	525	0	0.027007	0.42793	0.54616	1.0	276	1	0.027007
MAP2K2	8	0.084013	0.18528	1.0	80	2	-0.033094	0.44353	0.55333	1.0	277	1	-0.033094
HIF1A	8	0.34999	0.48746	1.0	200	1	0.0027552	0.44455	0.55381	1.0	278	1	0.0027552
POLR2E	8	0.31877	0.45686	1.0	187	1	-0.024003	0.4466	0.55476	1.0	279	1	-0.024003
IQCH	8	0.068361	0.15939	1.0	71	3	-0.0019604	0.45068	0.55667	1.0	280	1	-0.0019604
GPSM3	8	0.00099021	0.0046778	0.078053	35	5	-0.078648	0.4527	0.55762	1.0	281	1	-0.078648
TMEM80	8	0.99213	0.99212	1.0	562	0	0.020467	0.45573	0.55906	1.0	282	1	0.020467
RPS26	8	0.14141	0.27725	1.0	109	3	0.0021881	0.46374	0.56288	1.0	283	1	0.0021881
TMED7-TICAM2	8	0.00023189	0.0012358	0.025143	28	5	-0.096904	0.46672	0.56431	1.0	284	1	-0.096904
NFATC1	8	0.066055	0.15554	1.0	69	3	-0.027094	0.4677	0.56479	1.0	285	1	-0.027094
CFTR	8	0.7174	0.72801	1.0	352	1	0.011865	0.46869	0.56528	1.0	286	1	0.011865
SIRT1	8	0.89862	0.89857	1.0	468	0	0.0093963	0.47066	0.56623	1.0	287	1	0.0093963
ZBTB7C	8	0.91232	0.91229	1.0	481	0	0.010637	0.47653	0.5691	1.0	288	1	0.010637
LACC1	8	0.39074	0.52802	1.0	224	2	0.0028219	0.48234	0.57197	1.0	289	1	0.0028219
FLOT1	8	0.59362	0.64888	1.0	302	1	0.0021476	0.48523	0.5734	1.0	290	1	0.0021476
TRAM1	8	0.25462	0.39516	1.0	157	2	-0.0013719	0.48905	0.57531	1.0	291	1	-0.0013719
CIITA	8	0.73128	0.73872	1.0	357	1	0.02491	0.49001	0.57579	1.0	292	1	0.02491
IRF4	8	0.26403	0.40412	1.0	161	2	-0.01348	0.51057	0.58632	1.0	293	1	-0.01348
CCDC22	8	0.074306	0.16926	1.0	76	3	0.0084736	0.51332	0.58776	1.0	294	1	0.0084736
MYC	8	0.98752	0.9875	1.0	557	0	0.026896	0.51514	0.58871	1.0	295	1	0.026896
GPR18	8	0.60441	0.65488	1.0	307	1	-0.0046133	0.51877	0.59064	1.0	296	1	-0.0046133
ALG2	8	0.56961	0.63606	1.0	293	1	-0.048542	0.52058	0.59159	1.0	297	1	-0.048542
TYK2	8	0.83031	0.8303	1.0	417	0	-0.014531	0.52238	0.59256	1.0	298	1	-0.014531
TNFSF11	8	0.96544	0.96544	1.0	539	0	0.01696	0.52863	0.59591	1.0	299	1	0.01696
COMMD8	8	0.58575	0.64461	1.0	297	1	0.0030827	0.53744	0.6007	1.0	300	1	0.0030827
C3	8	0.88491	0.88484	1.0	453	0	0.002392	0.54266	0.60357	1.0	301	1	0.002392
RCL1	8	0.58891	0.64632	1.0	300	1	0.019339	0.54438	0.60452	1.0	302	1	0.019339
CD151	8	0.98788	0.98787	1.0	559	0	0.027038	0.54782	0.60643	1.0	303	1	0.027038
RELA	8	6.1113e-06	3.9435e-05	0.001279	18	6	-0.1713	0.54868	0.6069	1.0	304	1	-0.1713
FAM50A	8	0.9686	0.96859	1.0	541	0	0.01419	0.54953	0.60738	1.0	305	1	0.01419
NAAA	8	0.21478	0.35759	1.0	137	2	-0.015976	0.55123	0.60833	1.0	306	1	-0.015976
DNTTIP1	8	0.58257	0.64291	1.0	296	1	-0.011102	0.55547	0.61072	1.0	307	1	-0.011102
HSPA1B	8	0.39811	0.53543	1.0	228	2	-0.041782	0.55631	0.61119	1.0	308	1	-0.041782
TLR6	8	0.42738	0.56513	1.0	247	2	0.019022	0.55884	0.61263	1.0	309	1	0.019022
ZNF79	8	0.69204	0.70961	1.0	341	1	-0.022479	0.55967	0.6131	1.0	310	1	-0.022479
HAT1	8	0.11905	0.24189	1.0	99	2	0.0093406	0.56467	0.61595	1.0	311	1	0.0093406
RWDD3	8	0.90069	0.90064	1.0	470	0	-0.022796	0.56797	0.61787	1.0	312	1	-0.022796
SLC12A5	8	0.21983	0.36233	1.0	141	1	-0.019078	0.56961	0.61883	1.0	313	1	-0.019078
KSR1	8	0.95486	0.95485	1.0	524	0	0.0075752	0.57288	0.62075	1.0	314	1	0.0075752
ZCCHC24	8	0.30399	0.44251	1.0	181	2	-0.00026087	0.57613	0.62266	1.0	315	1	-0.00026087
PSMB9	8	0.56797	0.6352	1.0	292	1	-0.036419	0.57694	0.62314	1.0	316	1	-0.036419
TMPRSS11F	8	0.89023	0.89017	1.0	459	0	0.0012706	0.57936	0.62457	1.0	317	1	0.0012706
CSF2RB	8	0.15437	0.29749	1.0	120	3	-0.0085672	0.58016	0.62505	1.0	318	1	-0.0085672
ACTL6A	8	0.38671	0.52397	1.0	222	1	0.0052172	0.58177	0.62601	1.0	319	1	0.0052172
CD38	8	0.022712	0.068393	0.83211	48	3	0.0065429	0.58257	0.62649	1.0	320	1	0.0065429
IL18R1	8	0.89269	0.89264	1.0	462	0	0.022702	0.58496	0.62792	1.0	321	1	0.022702
HIST1H3A	8	0.81639	0.81637	1.0	411	0	-0.028345	0.58575	0.62839	1.0	322	1	-0.028345
ARPC4	8	0.93108	0.93108	1.0	500	0	0.02428	0.58733	0.62934	1.0	323	1	0.02428
EHMT2	8	0.09706	0.20654	1.0	84	3	-0.016545	0.58812	0.62982	1.0	324	1	-0.016545
PDGFB	8	0.86372	0.86366	1.0	440	0	0.01709	0.59284	0.63268	1.0	325	1	0.01709
IDO1	8	0.94934	0.94934	1.0	517	0	0.029001	0.59362	0.63317	1.0	326	1	0.029001
HDAC3	8	0.027319	0.080134	0.889998	51	4	-0.05574	0.59673	0.63509	1.0	327	1	-0.05574
SLC35C1	8	0.40546	0.54284	1.0	233	1	-0.024957	0.60135	0.63795	1.0	328	1	-0.024957
KCNU1	8	0.29764	0.43636	1.0	176	1	0.0035011	0.60365	0.63938	1.0	329	1	0.0035011
RFXAP	8	0.87882	0.87876	1.0	450	0	-0.031229	0.60745	0.64178	1.0	330	1	-0.031229
MBL2	8	0.40146	0.5388	1.0	231	2	0.030788	0.60896	0.64272	1.0	331	1	0.030788
MICA	8	0.49001	0.59756	1.0	265	1	-0.0012414	0.60971	0.64321	1.0	332	1	-0.0012414
CRIPAK	8	0.16434	0.31072	1.0	125	1	-0.018777	0.61866	0.64893	1.0	333	1	-0.018777
HLA-DMA	8	0.64303	0.67754	1.0	321	1	0.015817	0.62233	0.65133	1.0	334	1	0.015817
TAP2	8	0.26875	0.40863	1.0	163	2	-0.030135	0.6303	0.65659	1.0	335	1	-0.030135
ABCF1	8	0.87358	0.87352	1.0	445	0	0.024652	0.6353	0.65993	1.0	336	1	0.024652
PIK3CA	8	0.111	0.22902	1.0	92	3	-0.018711	0.63742	0.66137	1.0	337	1	-0.018711
LRRC32	8	0.98395	0.98393	1.0	553	0	0.015951	0.64024	0.66329	1.0	338	1	0.015951
SEPHS2	8	0.47556	0.59114	1.0	260	1	-0.01264	0.64164	0.66424	1.0	339	1	-0.01264
C5	8	0.72135	0.73101	1.0	354	1	0.0046154	0.6465	0.66759	1.0	340	1	0.0046154
MAPK3	8	0.93463	0.93463	1.0	503	0	0.015196	0.64857	0.66903	1.0	341	1	0.015196
FCGR2A	8	0.28702	0.42613	1.0	170	2	-0.010393	0.64994	0.66998	1.0	342	1	-0.010393
GPR183	8	0.30195	0.44054	1.0	180	2	-0.053911	0.65538	0.6738	1.0	343	1	-0.053911
MSRA	8	0.59982	0.65231	1.0	306	1	-0.0084083	0.65673	0.67476	1.0	344	1	-0.0084083
STK4	8	0.028967	0.084287	0.889998	55	4	-0.046505	0.65807	0.6757	1.0	345	1	-0.046505
HLA-E	8	0.61046	0.65829	1.0	310	1	-0.023471	0.66207	0.67857	1.0	346	1	-0.023471
AP1AR	8	0.056182	0.13897	1.0	67	3	-0.0025148	0.66604	0.68143	1.0	347	1	-0.0025148
BRD2	8	0.23259	0.37433	1.0	149	2	-0.011107	0.668	0.68287	1.0	348	1	-0.011107
STK11	8	0.76655	0.76821	1.0	381	1	0.0029691	0.66866	0.68334	1.0	349	1	0.0029691
G6PC3	8	0.76607	0.76779	1.0	380	1	-0.030467	0.67061	0.68478	1.0	350	1	-0.030467
RCAN1	8	0.82664	0.82664	1.0	416	0	-0.0087996	0.6719	0.68573	1.0	351	1	-0.0087996
SPRED2	8	0.41346	0.55096	1.0	239	2	0.0051776	0.67959	0.69148	1.0	352	1	0.0051776
ZMAT5	8	0.52327	0.61298	1.0	274	1	-0.026136	0.68587	0.69628	1.0	353	1	-0.026136
TYRO3	8	0.68337	0.70362	1.0	338	1	0.024906	0.68835	0.69819	1.0	354	1	0.024906
CD40	8	0.36283	0.50016	1.0	208	1	0.0032729	0.69082	0.7001	1.0	355	1	0.0032729
TAB3	8	0.028658	0.083507	0.889998	54	3	-0.028464	0.69143	0.70058	1.0	356	1	-0.028464
NOD1	8	0.07215	0.16569	1.0	74	3	-0.036797	0.69204	0.70105	1.0	357	1	-0.036797
CFH	8	0.96176	0.96175	1.0	531	0	0.0035022	0.69326	0.70202	1.0	358	1	0.0035022
WDR34	8	0.24164	0.38286	1.0	152	1	0.016218	0.69509	0.70345	1.0	359	1	0.016218
APLP1	8	0.41626	0.5538	1.0	240	1	0.024724	0.70407	0.71062	1.0	360	1	0.024724
LZTS1	8	0.43941	0.57575	1.0	254	1	0.0054497	0.70466	0.7111	1.0	361	1	0.0054497
CXCL10	8	0.034007	0.096847	0.930603	60	4	-0.043774	0.71051	0.71589	1.0	362	1	-0.043774
CLCN4	8	0.22399	0.36623	1.0	142	2	0.015083	0.71683	0.72114	1.0	363	1	0.015083
DOCK8	8	0.023838	0.071286	0.849616	49	3	-0.013509	0.7174	0.72161	1.0	364	1	-0.013509
S100A8	8	0.95796	0.95794	1.0	526	0	0.010297	0.72022	0.724	1.0	365	1	0.010297
RAB18	8	0.96471	0.96471	1.0	536	0	-0.0081405	0.72247	0.72591	1.0	366	1	-0.0081405
DHX15	8	0.036052	0.10189	0.959748	62	4	-0.047143	0.72302	0.72639	1.0	367	1	-0.047143
HLA-DOA	8	0.50596	0.60484	1.0	269	1	0.0064769	0.72414	0.72735	1.0	368	1	0.0064769
PIK3R1	8	0.083506	0.18444	1.0	78	3	-0.0076445	0.72469	0.72783	1.0	369	1	-0.0076445
MALT1	8	0.89366	0.89361	1.0	464	0	0.020145	0.7258	0.72879	1.0	370	1	0.020145
YEATS4	8	0.74404	0.74896	1.0	367	1	-0.007513	0.72855	0.73118	1.0	371	1	-0.007513
CLEC16A	8	0.5975	0.65102	1.0	305	1	0.0023557	0.7291	0.73166	1.0	372	1	0.0023557
SBDS	8	0.53393	0.61812	1.0	277	1	-0.0042659	0.73128	0.73357	1.0	373	1	-0.0042659
GAS6	8	0.29005	0.42905	1.0	171	1	-0.032522	0.73398	0.73596	1.0	374	1	-0.032522
TRAF6	8	0.051811	0.13157	1.0	65	3	-0.051265	0.7356	0.7374	1.0	375	1	-0.051265
STAT1	8	0.75427	0.7575	1.0	372	1	0.0055379	0.73666	0.73835	1.0	376	1	0.0055379
PABPC1	8	0.20695	0.35027	1.0	134	2	0.0091699	0.73879	0.74026	1.0	377	1	0.0091699
PSMB8	8	0.58654	0.64504	1.0	298	1	-0.0038507	0.73932	0.74074	1.0	378	1	-0.0038507
SEC61A1	8	0.35234	0.48979	1.0	202	1	0.013147	0.73985	0.74122	1.0	379	1	0.013147
UBE2F	8	0.39449	0.53178	1.0	225	1	0.016562	0.74195	0.74313	1.0	380	1	0.016562
GOT1	8	0.41946	0.55706	1.0	243	1	0.031924	0.74248	0.7436	1.0	381	1	0.031924
SLC26A4	8	0.84699	0.84694	1.0	426	0	-0.010928	0.74508	0.74598	1.0	382	1	-0.010928
SBNO2	8	0.0003124	0.0016428	0.030948	31	6	-0.10127	0.7456	0.74646	1.0	383	1	-0.10127
UBE2L3	8	0.11397	0.23377	1.0	95	3	-0.013288	0.7492	0.74981	1.0	384	1	-0.013288
SPP1	8	0.97557	0.97556	1.0	547	0	-0.0048162	0.75073	0.75124	1.0	385	1	-0.0048162
ATG16L1	8	0.73345	0.74042	1.0	361	1	0.024959	0.75175	0.7522	1.0	386	1	0.024959
SOCS3	8	0.77037	0.77165	1.0	384	1	-0.033333	0.75276	0.75315	1.0	387	1	-0.033333
TAB1	8	0.63245	0.67112	1.0	319	1	0.025027	0.75327	0.75363	1.0	388	1	0.025027
CASP1	8	0.89244	0.89239	1.0	461	0	0.027389	0.75527	0.75554	1.0	389	1	0.027389
LGALS9	8	0.15268	0.29485	1.0	119	3	-0.013717	0.75578	0.75602	1.0	390	1	-0.013717
NSMCE2	8	0.51696	0.60998	1.0	272	1	-0.027196	0.75876	0.7589	1.0	391	1	-0.027196
NFKB2	8	2.0986e-05	0.00013364	0.003547	22	6	-0.13988	0.75974	0.75986	1.0	392	1	-0.13988
BACH2	8	0.37883	0.51609	1.0	218	1	0.016825	0.76073	0.76082	1.0	393	1	0.016825
PPP2R1A	8	0.13451	0.2664	1.0	106	3	-0.0049966	0.76655	0.76656	1.0	394	1	-0.0049966
HSP90B1	8	0.796	0.796	1.0	400	0	-0.0034941	0.76703	0.76704	1.0	395	1	-0.0034941
HLA-DRA	8	0.18123	0.32635	1.0	129	2	-0.019249	0.76799	0.76799	1.0	396	0	-0.019249
A4GALT	8	0.87554	0.87547	1.0	447	0	-0.0065883	0.76847	0.76847	1.0	397	0	-0.0065883
EIF5	8	0.14763	0.28698	1.0	115	3	0.0044792	0.76942	0.76943	1.0	398	0	0.0044792
RPN2	8	0.41745	0.55501	1.0	242	2	-0.039449	0.76989	0.76991	1.0	399	0	-0.039449
JAK2	8	0.38133	0.51858	1.0	219	2	-0.0092035	0.77131	0.77133	1.0	400	0	-0.0092035
NEUROD4	8	0.028581	0.083318	0.889998	53	4	-0.046671	0.77366	0.77369	1.0	401	0	-0.046671
MAPK1	8	0.15141	0.29288	1.0	116	3	-0.0067477	0.77552	0.77556	1.0	402	0	-0.0067477
BRAF	8	0.92256	0.92254	1.0	493	0	0.027583	0.77599	0.77601	1.0	403	0	0.027583
CTPS1	8	0.86281	0.86276	1.0	439	0	-0.0027938	0.77967	0.7797	1.0	404	0	-0.0027938
ARPC4-TTLL3	8	0.36174	0.49909	1.0	206	2	-0.030061	0.78103	0.78107	1.0	405	0	-0.030061
NUMA1	8	0.26471	0.40475	1.0	162	2	-0.010675	0.78194	0.78197	1.0	406	0	-0.010675
MED30	8	0.63601	0.67326	1.0	320	1	-0.0046597	0.78598	0.78601	1.0	407	0	-0.0046597
MAX	8	0.11397	0.23377	1.0	94	2	0.014533	0.78642	0.78645	1.0	408	0	0.014533
IL17RA	8	0.30141	0.44001	1.0	179	1	-0.0077738	0.78951	0.78952	1.0	409	0	-0.0077738
EGFR	8	0.64373	0.67797	1.0	322	1	7.3186e-05	0.79039	0.79039	1.0	410	0	7.3186e-05
CCR6	8	0.3967	0.53401	1.0	227	1	-0.0076693	0.79083	0.79083	1.0	411	0	-0.0076693
PCDH7	8	0.92053	0.92051	1.0	490	0	0.017156	0.79126	0.79127	1.0	412	0	0.017156
RIC8B	8	0.84897	0.84891	1.0	428	0	0.017834	0.79213	0.79213	1.0	413	0	0.017834
MICB	8	0.23216	0.37393	1.0	148	2	-0.013009	0.79256	0.79256	1.0	414	0	-0.013009
TAP1	8	0.13607	0.26887	1.0	108	2	-0.0303	0.793	0.79299	1.0	415	0	-0.0303
CCDC88B	8	0.72247	0.73185	1.0	355	1	0.010572	0.79343	0.79343	1.0	416	0	0.010572
NR3C1	8	0.48523	0.59541	1.0	263	1	-0.015284	0.79515	0.79514	1.0	417	0	-0.015284
ATAD2B	8	0.55716	0.62965	1.0	286	1	0.016599	0.79686	0.79685	1.0	418	0	0.016599
GPAA1	8	0.84995	0.84989	1.0	429	0	0.0052557	0.80149	0.80147	1.0	419	0	0.0052557
BTK	8	0.95288	0.95288	1.0	522	0	0.014436	0.80273	0.80272	1.0	420	0	0.014436
KIAA1683	8	0.0060826	0.023701	0.329559	42	4	-0.047223	0.80521	0.80519	1.0	421	0	-0.047223
PPP1R10	8	0.88998	0.88992	1.0	458	0	-0.019252	0.80603	0.80601	1.0	422	0	-0.019252
CR1	8	0.8416	0.84155	1.0	423	0	0.0074069	0.80643	0.80642	1.0	423	0	0.0074069
MAP2K4	8	0.89839	0.89834	1.0	467	0	-0.0015923	0.80927	0.80925	1.0	424	0	-0.0015923
CEBPG	8	0.93742	0.93741	1.0	506	0	-0.0021416	0.81247	0.81244	1.0	425	0	-0.0021416
NCF4	8	0.47458	0.59072	1.0	259	1	-0.011189	0.81286	0.81283	1.0	426	0	-0.011189
AXL	8	0.73826	0.74427	1.0	364	1	0.017195	0.82025	0.82023	1.0	427	0	0.017195
GSDMC	8	0.92649	0.92649	1.0	495	0	0.02263	0.82516	0.82515	1.0	428	0	0.02263
EGR1	8	0.99477	0.99476	1.0	567	0	0.025039	0.82553	0.82552	1.0	429	0	0.025039
IL6ST	8	0.79728	0.79728	1.0	402	0	-0.0091835	0.82738	0.82738	1.0	430	0	-0.0091835
SAMD9	8	0.73879	0.7447	1.0	365	1	-0.012279	0.82885	0.82885	1.0	431	0	-0.012279
PIP4K2A	8	0.90492	0.90488	1.0	474	0	0.0033392	0.82958	0.82957	1.0	432	0	0.0033392
MUC22	8	0.53831	0.62026	1.0	278	1	-0.011326	0.82995	0.82994	1.0	433	0	-0.011326
CEBPA	8	0.85092	0.85087	1.0	430	0	-0.0099347	0.8314	0.83138	1.0	434	0	-0.0099347
PRKRA	8	0.62887	0.66899	1.0	316	1	0.01227	0.83284	0.83282	1.0	435	0	0.01227
PRKCH	8	0.24029	0.38159	1.0	151	1	-0.005751	0.83391	0.83388	1.0	436	0	-0.005751
ERBB2	8	0.40079	0.53813	1.0	230	2	-0.0064792	0.83462	0.83459	1.0	437	0	-0.0064792
TBX1	8	0.73666	0.74299	1.0	362	1	0.015163	0.83498	0.83495	1.0	438	0	0.015163
NIPAL2	8	0.30467	0.44317	1.0	182	2	-0.01997	0.83533	0.8353	1.0	439	0	-0.01997
TRADD	8	0.76751	0.76908	1.0	382	1	0.00091927	0.83604	0.83601	1.0	440	0	0.00091927
KIDINS220	8	0.99906	0.99907	1.0	574	0	0.027201	0.84228	0.84223	1.0	441	0	0.027201
C1orf106	8	0.35293	0.49037	1.0	203	2	0.007553	0.84397	0.84393	1.0	442	0	0.007553
AAGAB	8	0.33323	0.47099	1.0	194	2	-0.036827	0.84465	0.8446	1.0	443	0	-0.036827
CARD6	8	0.77225	0.77336	1.0	385	1	-0.0069582	0.84599	0.84594	1.0	444	0	-0.0069582
ZNF384	8	0.53918	0.62069	1.0	279	1	0.0095452	0.84632	0.84628	1.0	445	0	0.0095452
RFX5	8	0.96293	0.96292	1.0	534	0	-0.0098425	0.84765	0.84761	1.0	446	0	-0.0098425
ZCCHC11	8	0.98777	0.98776	1.0	558	0	0.0054283	0.84897	0.84891	1.0	447	0	0.0054283
BBS9	8	0.41304	0.55053	1.0	238	1	0.0069959	0.85477	0.85472	1.0	448	0	0.0069959
CTBP1	8	0.89317	0.89313	1.0	463	0	-0.003971	0.85509	0.85504	1.0	449	0	-0.003971
PTPN2	8	0.90837	0.90832	1.0	477	0	0.0153	0.85572	0.85567	1.0	450	0	0.0153
TOLLIP	8	0.17555	0.3211	1.0	127	2	-0.025699	0.85853	0.85848	1.0	451	0	-0.025699
NR1H3	8	0.31508	0.45326	1.0	185	1	-0.015356	0.85884	0.85879	1.0	452	0	-0.015356
MAPK7	8	0.86038	0.86034	1.0	437	0	0.012436	0.86038	0.86034	1.0	453	0	0.012436
TGFB1	8	0.30059	0.43922	1.0	178	2	-0.035577	0.8613	0.86125	1.0	454	0	-0.035577
CARD9	8	0.7134	0.72501	1.0	351	1	0.016056	0.86521	0.86515	1.0	455	0	0.016056
HLA-F	8	0.90942	0.90939	1.0	479	0	-0.0033354	0.86757	0.86751	1.0	456	0	-0.0033354
RAB5C	8	0.71853	0.72887	1.0	353	1	-0.0089211	0.86989	0.86983	1.0	457	0	-0.0089211
TMEM70	8	0.77599	0.77679	1.0	388	1	-0.029453	0.87161	0.87155	1.0	458	0	-0.029453
KAT2A	8	0.94379	0.94379	1.0	513	0	-0.0066424	0.87189	0.87183	1.0	459	0	-0.0066424
BCL10	8	0.83212	0.8321	1.0	418	0	-0.016618	0.87415	0.87408	1.0	460	0	-0.016618
ZMIZ1	8	0.11027	0.22785	1.0	91	3	-0.029774	0.87774	0.87767	1.0	461	0	-0.029774
COMMD7	8	0.29132	0.43027	1.0	172	2	-0.0030958	0.87828	0.87821	1.0	462	0	-0.0030958
GNAS	8	0.85635	0.8563	1.0	434	0	0.016288	0.8807	0.88064	1.0	463	0	0.016288
MEF2C	8	0.79813	0.79812	1.0	404	0	0.015451	0.88177	0.88171	1.0	464	0	0.015451
IL1B	8	0.40872	0.54614	1.0	235	2	-0.0013162	0.8823	0.88224	1.0	465	0	-0.0013162
DDAH2	8	0.15183	0.29354	1.0	117	3	0.0096731	0.88256	0.8825	1.0	466	0	0.0096731
TIRAP	8	0.8332	0.83317	1.0	419	0	-0.0031772	0.88282	0.88276	1.0	467	0	-0.0031772
PDPK1	8	0.69326	0.71048	1.0	342	1	0.014479	0.88361	0.88355	1.0	468	0	0.014479
HLA-G	8	0.93772	0.93771	1.0	507	0	-0.004089	0.88387	0.88381	1.0	469	0	-0.004089
C1GALT1C1L	8	0.62597	0.66727	1.0	314	1	0.012629	0.88517	0.8851	1.0	470	0	0.012629
NPL	8	0.72745	0.73572	1.0	356	1	0.00031376	0.88594	0.88587	1.0	471	0	0.00031376
WDR61	8	0.64925	0.68138	1.0	323	1	0.0077641	0.89122	0.89116	1.0	472	0	0.0077641
CTSB	8	0.40012	0.53745	1.0	229	2	-0.026119	0.8951	0.89505	1.0	473	0	-0.026119
PPIF	8	0.73182	0.73914	1.0	358	1	-0.012479	0.89628	0.89623	1.0	474	0	-0.012479
HLA-DRB1	8	0.24701	0.38794	1.0	155	1	-0.012497	0.89652	0.89647	1.0	475	0	-0.012497
SLC35A1	8	0.11735	0.23917	1.0	96	3	-0.019351	0.89699	0.89694	1.0	476	0	-0.019351
ATF1	8	0.80562	0.80561	1.0	407	0	0.0085836	0.90271	0.90266	1.0	477	0	0.0085836
JAGN1	8	0.33574	0.47344	1.0	196	1	0.017216	0.90558	0.90553	1.0	478	0	0.017216
CASP4	8	0.70818	0.72118	1.0	349	1	-0.015502	0.9058	0.90576	1.0	479	0	-0.015502
CD14	8	0.0053762	0.021137	0.301068	41	3	-0.049839	0.90601	0.90597	1.0	480	0	-0.049839
MAP3K1	8	0.36242	0.49977	1.0	207	2	0.012633	0.90645	0.9064	1.0	481	0	0.012633
YY1	8	0.23126	0.37308	1.0	147	2	-0.039944	0.90921	0.90917	1.0	482	0	-0.039944
CRK	8	0.68274	0.70319	1.0	337	1	-0.01972	0.91313	0.9131	1.0	483	0	-0.01972
STAT2	8	0.11322	0.23258	1.0	93	3	-0.046285	0.91333	0.91331	1.0	484	0	-0.046285
VSIG4	8	0.87302	0.87296	1.0	444	0	-0.012456	0.91434	0.91432	1.0	485	0	-0.012456
TBCE	8	0.43134	0.56919	1.0	250	2	0.0083539	0.91454	0.91451	1.0	486	0	0.0083539
MYD88	8	0.6963	0.71261	1.0	343	1	-0.021379	0.91533	0.91531	1.0	487	0	-0.021379
L3MBTL3	8	0.82291	0.82289	1.0	414	0	-0.00043688	0.91651	0.91649	1.0	488	0	-0.00043688
VHL	8	0.01648	0.052203	0.648648	47	3	-0.077984	0.91787	0.91784	1.0	489	0	-0.077984
SOCS1	8	0.9832	0.98317	1.0	552	0	0.02105	0.91996	0.91994	1.0	490	0	0.02105
CYBB	8	0.058036	0.14209	1.0	68	3	-0.044965	0.9209	0.92088	1.0	491	0	-0.044965
AGPAT1	8	0.52417	0.61341	1.0	275	1	-0.025973	0.92329	0.92327	1.0	492	0	-0.025973
IL2RG	8	0.036848	0.10386	0.962786	63	3	0.0038051	0.92365	0.92364	1.0	493	0	0.0038051
CTNND1	8	0.61644	0.66171	1.0	311	1	-0.019823	0.92632	0.92632	1.0	494	0	-0.019823
FGF12	8	0.12362	0.24915	1.0	101	3	-0.030416	0.92684	0.92685	1.0	495	0	-0.030416
WAS	8	0.75777	0.76051	1.0	374	1	-0.0073938	0.93141	0.93141	1.0	496	0	-0.0073938
ATF6B	8	0.16866	0.31473	1.0	126	2	-0.049893	0.9332	0.9332	1.0	497	0	-0.049893
TLR10	8	0.83533	0.8353	1.0	420	0	0.0074967	0.93431	0.93432	1.0	498	0	0.0074967
NEDD8	8	0.909	0.90896	1.0	478	0	0.017198	0.93463	0.93463	1.0	499	0	0.017198
SUOX	8	0.10734	0.22315	1.0	90	3	-0.041013	0.93479	0.93479	1.0	500	0	-0.041013
POU2F2	8	0.44558	0.57831	1.0	255	1	-0.020478	0.93557	0.93557	1.0	501	0	-0.020478
FLI1	8	0.00023431	0.0012485	0.025143	29	6	-0.091442	0.93862	0.93862	1.0	502	0	-0.091442
IL10	8	0.14347	0.28049	1.0	111	3	-0.021992	0.94111	0.94112	1.0	503	0	-0.021992
RAD54L	8	0.95405	0.95405	1.0	523	0	-0.01455	0.94254	0.94254	1.0	504	0	-0.01455
ATP5D	8	0.67384	0.6972	1.0	332	1	-0.011295	0.94268	0.94268	1.0	505	0	-0.011295
TTLL7	8	0.35157	0.48903	1.0	201	2	-0.038447	0.94324	0.94324	1.0	506	0	-0.038447
RALBP1	8	0.80806	0.80804	1.0	408	0	0.00098013	0.94543	0.94543	1.0	507	0	0.00098013
FOXM1	8	0.42899	0.56677	1.0	248	1	-0.0094383	0.94636	0.94637	1.0	508	0	-0.0094383
TNFRSF11A	8	0.84465	0.8446	1.0	425	0	-0.016541	0.94663	0.94663	1.0	509	0	-0.016541
SGMS1	8	0.0097727	0.034225	0.450832	44	4	-0.054955	0.94676	0.94677	1.0	510	0	-0.054955
ZC3H13	8	0.27724	0.41676	1.0	167	2	-0.033081	0.94702	0.94703	1.0	511	0	-0.033081
NLRC5	8	0.14477	0.28253	1.0	113	3	-0.032483	0.94755	0.94755	1.0	512	0	-0.032483
ITPA	8	0.12815	0.25634	1.0	102	3	-0.060372	0.94858	0.94858	1.0	513	0	-0.060372
CLIC1	8	0.032454	0.092999	0.930603	57	4	-0.046286	0.94896	0.94896	1.0	514	0	-0.046286
ATP6AP1	8	0.069285	0.16093	1.0	72	3	-0.045177	0.94909	0.94909	1.0	515	0	-0.045177
VARS2	8	0.78553	0.78576	1.0	394	1	-0.015802	0.95096	0.95095	1.0	516	0	-0.015802
DAD1	8	0.5737	0.6382	1.0	295	1	-0.013408	0.95169	0.95168	1.0	517	0	-0.013408
TYMP	8	0.66735	0.69292	1.0	329	1	-0.034739	0.95486	0.95485	1.0	518	0	-0.034739
IRF2	8	0.60971	0.65787	1.0	309	1	-0.024806	0.95576	0.95575	1.0	519	0	-0.024806
NFKBIA	8	7.9631e-09	8.5616e-08	5e-06	11	7	-0.30096	0.95599	0.95598	1.0	520	0	-0.30096
RDH14	8	0.22795	0.36995	1.0	146	2	-0.0095716	0.95687	0.95686	1.0	521	0	-0.0095716
PPM1D	8	0.21282	0.35576	1.0	135	2	-0.023834	0.95806	0.95805	1.0	522	0	-0.023834
RPSA	8	0.10231	0.21504	1.0	88	2	-0.011058	0.95838	0.95837	1.0	523	0	-0.011058
HLA-DMB	8	0.066915	0.15697	1.0	70	3	-0.032472	0.95859	0.95858	1.0	524	0	-0.032472
RIPK2	8	0.50689	0.60527	1.0	270	1	-0.033629	0.95902	0.959	1.0	525	0	-0.033629
DLG5	8	0.27336	0.41305	1.0	165	2	-0.014282	0.95933	0.95932	1.0	526	0	-0.014282
COMMD6	8	0.22465	0.36684	1.0	143	2	-0.015272	0.96005	0.96004	1.0	527	0	-0.015272
CFB	8	0.026948	0.079192	0.889998	50	4	-0.053467	0.96056	0.96055	1.0	528	0	-0.053467
CISH	8	0.10698	0.22257	1.0	89	3	-0.010929	0.96571	0.96571	1.0	529	0	-0.010929
RBCK1	8	0.25367	0.39426	1.0	156	1	-0.017113	0.96642	0.96642	1.0	530	0	-0.017113
PRKCE	8	0.027444	0.080451	0.889998	52	4	-0.053138	0.96712	0.96711	1.0	531	0	-0.053138
AICDA	8	0.36986	0.50717	1.0	212	2	-0.041711	0.96729	0.96728	1.0	532	0	-0.041711
TNFRSF1A	8	0.15995	0.30613	1.0	123	3	-0.013042	0.96864	0.96863	1.0	533	0	-0.013042
IKBKB	8	0.49757	0.60098	1.0	267	1	-0.010122	0.97019	0.97017	1.0	534	0	-0.010122
TRIM26	8	0.66406	0.69078	1.0	328	1	0.0018167	0.97136	0.97134	1.0	535	0	0.0018167
IGSF11	8	0.37526	0.51253	1.0	215	2	-0.02164	0.97181	0.97179	1.0	536	0	-0.02164
SKIV2L	8	0.70466	0.71861	1.0	346	1	0.016981	0.97271	0.97269	1.0	537	0	0.016981
MAP2K7	8	0.85666	0.85661	1.0	435	0	-0.015922	0.97414	0.97412	1.0	538	0	-0.015922
CDHR3	8	0.69751	0.71346	1.0	344	1	-0.010189	0.97675	0.97673	1.0	539	0	-0.010189
ETS2	8	0.89954	0.89949	1.0	469	0	0.0033008	0.97775	0.97773	1.0	540	0	0.0033008
OTUD3	8	0.31011	0.44844	1.0	184	2	-0.022568	0.97824	0.97822	1.0	541	0	-0.022568
ZEB2	8	0.00013983	0.00076963	0.017979	25	6	-0.079132	0.98009	0.98007	1.0	542	0	-0.079132
MUC21	8	0.85414	0.85409	1.0	432	0	-0.038297	0.98206	0.98203	1.0	543	0	-0.038297
SHARPIN	8	0.4088	0.54622	1.0	236	2	-0.020234	0.98242	0.98239	1.0	544	0	-0.020234
E2F1	8	0.15225	0.2942	1.0	118	3	-0.01945	0.98441	0.98438	1.0	545	0	-0.01945
TRIB1	8	0.0099614	0.034739	0.450832	45	2	-0.037849	0.98608	0.98606	1.0	546	0	-0.037849
CXCR4	8	0.033394	0.095338	0.930603	58	3	-0.03422	0.98733	0.98732	1.0	547	0	-0.03422
NIPBL	8	0.00027946	0.0014781	0.028775	30	6	-0.11244	0.98869	0.98867	1.0	548	0	-0.11244
RFXANK	8	0.41733	0.55489	1.0	241	1	-0.022182	0.98889	0.98887	1.0	549	0	-0.022182
COMMD1	8	0.055137	0.1372	1.0	66	3	-0.021253	0.98909	0.98907	1.0	550	0	-0.021253
IKBKE	8	0.099148	0.20993	1.0	86	3	-0.016993	0.99063	0.99062	1.0	551	0	-0.016993
MAP3K7	8	0.21675	0.35944	1.0	139	2	-0.01292	0.99162	0.99161	1.0	552	0	-0.01292
RNF31	8	0.0094639	0.033385	0.450832	43	4	-0.070093	0.9917	0.99169	1.0	553	0	-0.070093
RFWD2	8	1.2524e-05	8.0393e-05	0.002347	20	5	-0.13998	0.99263	0.99262	1.0	554	0	-0.13998
LST1	8	9.7248e-06	6.1883e-05	0.001902	19	7	-0.11244	0.99304	0.99303	1.0	555	0	-0.11244
MAP2K3	8	1.7288e-06	1.2808e-05	0.000499	15	7	-0.1381	0.99434	0.99434	1.0	556	0	-0.1381
DRAP1	8	0.0034672	0.014119	0.211416	39	5	-0.066758	0.99474	0.99473	1.0	557	0	-0.066758
TCF19	8	0.25999	0.40027	1.0	159	2	-0.038755	0.99516	0.99515	1.0	558	0	-0.038755
MAPKAPK2	8	6.7186e-05	0.00039715	0.009664	24	6	-0.091191	0.99525	0.99524	1.0	559	0	-0.091191
IRAK2	8	0.0040507	0.016284	0.237742	40	4	-0.044136	0.99564	0.99563	1.0	560	0	-0.044136
C6orf47	8	3.0183e-06	2.0856e-05	0.000761	16	6	-0.099501	0.99722	0.99722	1.0	561	0	-0.099501
IRAK1	8	4.5649e-06	3.0145e-05	0.001036	17	6	-0.12068	0.99772	0.99772	1.0	562	0	-0.12068
IRF5	8	0.0027237	0.011327	0.17878	37	5	-0.059915	0.99835	0.99835	1.0	563	0	-0.059915
CEBPB	8	0.00053966	0.0027656	0.048942	33	6	-0.077625	0.99885	0.99885	1.0	564	0	-0.077625
IKBKG	8	0.0004887	0.0025144	0.045888	32	6	-0.079178	0.99907	0.99907	1.0	565	0	-0.079178
TUBA1C	8	0.071302	0.16429	1.0	73	3	-0.054947	0.99914	0.99914	1.0	566	0	-0.054947
ATXN7L3	8	0.029388	0.085342	0.889998	56	4	-0.048934	0.99915	0.99915	1.0	567	0	-0.048934
CASP8	8	0.12039	0.24401	1.0	100	3	-0.044885	0.9992	0.9992	1.0	568	0	-0.044885
AKIRIN2	8	8.4481e-08	4.3664e-07	2e-05	13	7	-0.14813	0.99924	0.99924	1.0	569	0	-0.14813
KMT2D	8	0.00015157	0.00083051	0.018588	26	6	-0.074859	0.99934	0.99934	1.0	570	0	-0.074859
MAP2K1	8	0.00094046	0.0044796	0.076944	34	5	-0.090336	0.99952	0.99951	1.0	571	0	-0.090336
CSNK1A1	8	2.5246e-05	0.0001606	0.004078	23	6	-0.096571	0.99971	0.99971	1.0	572	0	-0.096571
MAF	8	5.8745e-09	6.8492e-08	4e-06	10	7	-0.22942	0.99998	0.99997	1.0	573	0	-0.22942
PELI1	8	1.768e-05	0.00011215	0.003119	21	6	-0.14959	0.99998	0.99998	1.0	574	0	-0.14959
TICAM2	8	6.365e-11	8.5616e-09	1e-06	6	7	-0.45429	0.99999	0.99999	1.0	575	0	-0.45429
IKZF1	8	2.3895e-07	1.8407e-06	7.7e-05	14	8	-0.10851	1.0	1.0	1.0	576	0	-0.10851
TNF	8	7.5146e-17	8.5616e-09	1e-06	2	8	-1.4537	1.0	1.0	1.0	577	0	-1.4537
IER3	8	1.9653e-08	1.2842e-07	6e-06	12	8	-0.16579	1.0	1.0	1.0	578	0	-0.16579
IRF8	8	1.728e-09	1.7123e-08	1e-06	9	8	-0.38275	1.0	1.0	1.0	579	0	-0.38275
TLR4	8	6.7396e-11	8.5616e-09	1e-06	7	8	-0.44115	1.0	1.0	1.0	580	0	-0.44115
IRF1	8	2.0273e-10	8.5616e-09	1e-06	8	8	-0.35787	1.0	1.0	1.0	581	0	-0.35787
MAP3K8	8	6.8225e-12	8.5616e-09	1e-06	5	8	-0.36399	1.0	1.0	1.0	582	0	-0.36399
NFKBIZ	8	3.5014e-12	8.5616e-09	1e-06	4	8	-0.44169	1.0	1.0	1.0	583	0	-0.44169
TICAM1	8	8.5777e-14	8.5616e-09	1e-06	3	8	-0.22782	1.0	1.0	1.0	584	0	-0.22782
